STARLINK-1008           
1 44714U 19074B   24329.90251595 -.00002285  00000+0 -13461-3 0  9993
2 44714  53.0529 135.5746 0001377 110.5796 249.5340 15.06382590278119
STARLINK-1009           
1 44715U 19074C   24329.91667824  .01278644  00000+0  24231-1 0  9999
2 44715  53.0554 133.2320 0001296  62.0015 166.1039 15.44830447278149
STARLINK-1010           
1 44716U 19074D   24329.84352608  .00001093  00000+0  92226-4 0  9996
2 44716  53.0536 135.8371 0001515  90.6663 269.4499 15.06402015278088
STARLINK-1011           
1 44717U 19074E   24329.90802085  .00002763  00000+0  20423-3 0  9997
2 44717  53.0528 155.5489 0001490  89.0810 271.0350 15.06412472277832
STARLINK-1012           
1 44718U 19074F   24329.94671595 -.00008667  00000+0 -56293-3 0  9997
2 44718  53.0548 135.3731 0001358  92.8420 267.2725 15.06445934278117
STARLINK-1013           
1 44719U 19074G   24329.95407837 -.00004566  00000+0 -28749-3 0  9994
2 44719  53.0541 135.3376 0001411  97.4970 262.6180 15.06440475278116
STARLINK-1014           
1 44720U 19074H   24329.94877779  .00016224  00000+0  78586-3 0  9997
2 44720  53.0509 125.3662 0002707 175.1430 184.9591 15.18700756278265
STARLINK-1015           
1 44721U 19074J   24329.92834005  .00002147  00000+0  16294-3 0  9998
2 44721  53.0532 135.8045 0001316 106.5524 253.5610 15.06403438278102
STARLINK-1017           
1 44723U 19074L   24329.91354652  .00002952  00000+0  21691-3 0  9995
2 44723  53.0545 135.5249 0001437  87.3489 272.7665 15.06412448278116
STARLINK-1019           
1 44724U 19074M   24329.94304866  .00003690  00000+0  26648-3 0  9998
2 44724  53.0526 135.3938 0000687 105.2590 254.8475 15.06398311278110
STARLINK-1020           
1 44725U 19074N   24329.94858419  .00018075  00000+0  12298-2 0  9995
2 44725  53.0528 155.3659 0001595  98.7621 261.3549 15.06382698277839
STARLINK-1021           
1 44726U 19074P   24329.93935028  .00003689  00000+0  26633-3 0  9991
2 44726  53.0535 135.4069 0001418 104.3450 255.7696 15.06410935278118
STARLINK-1027           
1 44732U 19074V   24329.53944031  .00013641  00000+0  93430-3 0  9996
2 44732  53.0538 157.2144 0001665 104.3278 255.7896 15.06344696277779
STARLINK-1028           
1 44733U 19074W   24329.91667824  .01274864  00000+0  24065-1 0  9994
2 44733  53.0499 133.1557 0001391  68.4367 313.9360 15.44955546  5734
STARLINK-1029           
1 44734U 19074X   24329.22060199 -.00001198  00000+0 -61536-4 0  9997
2 44734  53.0553  58.6388 0001261  85.8528 274.2605 15.06398783278934
STARLINK-1030           
1 44735U 19074Y   24330.14392144 -.00000924  00000+0 -43171-4 0  9990
2 44735  53.0534 154.4940 0001273  75.9019 284.2112 15.06387221277861
STARLINK-1031           
1 44736U 19074Z   24329.95962363  .00002983  00000+0  21898-3 0  9990
2 44736  53.0538 155.3125 0001707  88.2740 271.8444 15.06411560277843
STARLINK-1032           
1 44737U 19074AA  24329.91667824  .01254969  00000+0  30880-1 0  9994
2 44737  53.0548 154.0127 0001269  73.6668  43.5179 15.37444557  5780
STARLINK-1035           
1 44740U 19074AD  24329.96700090  .00000609  00000+0  59773-4 0  9990
2 44740  53.0532 155.2912 0001607 100.9008 259.2161 15.06404225277849
STARLINK-1036           
1 44741U 19074AE  24329.91173129  .00001693  00000+0  13256-3 0  9992
2 44741  53.0513 155.5346 0001564  86.5324 273.5844 15.06396393277837
STARLINK-1038           
1 44743U 19074AG  24330.25001157  .00999788  00000+0  30369-1 0  9997
2 44743  53.0515 172.5056 0000682  86.7306  94.3045 15.30940938277637
STARLINK-1039           
1 44744U 19074AH  24329.90618273  .00004128  00000+0  29572-3 0  9992
2 44744  53.0528 175.5564 0001335  92.9435 267.1707 15.06414183277554
STARLINK-1042           
1 44747U 19074AL  24329.97176169  .00022524  00000+0  83521-3 0  9999
2 44747  53.0543 152.0799 0005377 133.4024 226.7423 15.27537701277909
STARLINK-1043           
1 44748U 19074AM  24329.68502747  .00009557  00000+0  65925-3 0  9992
2 44748  53.0524 176.5502 0001510  94.8443 265.2718 15.06420492277351
STARLINK-1046           
1 44751U 19074AQ  24329.89881546  .00003369  00000+0  24492-3 0  9995
2 44751  53.0531 175.5904 0001565 100.8085 259.3081 15.06408060277554
STARLINK-1047           
1 44752U 19074AR  24329.90426609  .00013527  00000+0  81766-3 0  9997
2 44752  53.0518 154.7135 0002023 198.9104 161.1812 15.10956114277842
STARLINK-1048           
1 44753U 19074AS  24330.12365142 -.00005989  00000+0 -38358-3 0  9992
2 44753  53.0531 134.5777 0001630 108.3629 251.7537 15.06393592278140
STARLINK-1052           
1 44757U 19074AW  24330.25001157  .00176853  00000+0  26720-2 0  9999
2 44757  53.0296 101.6732 0001234  99.6622 236.5388 15.53618032278622
STARLINK-1053           
1 44758U 19074AX  24329.67747252  .00007312  00000+0  43616-3 0  9994
2 44758  53.0535 175.2350 0001659  96.4403 263.6778 15.12126351277373
STARLINK-1054           
1 44759U 19074AY  24329.92829163  .00004542  00000+0  32348-3 0  9997
2 44759  53.0517 175.4552 0001550 103.4885 256.6277 15.06418538277564
STARLINK-1055           
1 44760U 19074AZ  24330.25001157  .00218287  00000+0  13502-2 0  9995
2 44760  53.0009  73.3765 0001095   7.7371 298.6418 15.75928496279025
STARLINK-1056           
1 44761U 19074BA  24329.92461388  .00004526  00000+0  32238-3 0  9991
2 44761  53.0531 175.4761 0001451  96.9064 263.2090 15.06415999277565
STARLINK-1057           
1 44762U 19074BB  24329.86010917  .00006612  00000+0  46224-3 0  9991
2 44762  53.0526 155.7648 0001576  81.0339 279.0828 15.06412500277821
STARLINK-1058           
1 44763U 19074BC  24330.25001157  .01354234  00000+0  30590-1 0  9997
2 44763  53.0518 171.0460 0001307  67.8414 225.8758 15.39865419277653
STARLINK-1059           
1 44764U 19074BD  24330.25001157  .00544241  14046-3  10548-2 0  9997
2 44764  53.0656  20.6082 0007290  22.9947  21.9410 15.99746137279794
STARLINK-1060           
1 44765U 19074BE  24329.67580723  .00002916  00000+0  21450-3 0  9997
2 44765  53.0527 156.5918 0001383  92.3812 267.7335 15.06409448277791
STARLINK-1061           
1 44766U 19074BF  24330.25001157  .00749861  00000+0  11901-1 0  9998
2 44766  53.0507 166.0522 0001048  92.6261 270.6593 15.50527925277728
STARLINK-1062           
1 44767U 19074BG  24330.25001157  .01191814  00000+0  20755-1 0  9996
2 44767  53.0499 171.7524 0001218 102.2253 256.4766 15.47511290277641
STARLINK-1063           
1 44768U 19074BH  24330.02044392  .00004894  00000+0  34708-3 0  9995
2 44768  53.0531 175.0437 0001672 102.8282 257.2894 15.06416183277574
STARLINK-1067           
1 44771U 19074BL  24328.01899555  .00001475  00000+0  11790-3 0  9992
2 44771  53.0528 184.0298 0001704  95.5245 264.5938 15.06392575277109
STARLINK-1068           
1 44772U 19074BM  24329.86746064  .00003905  00000+0  28077-3 0  9999
2 44772  53.0532 155.7312 0001542  84.4727 275.6438 15.06420791277828
STARLINK-1073           
1 44914U 20001A   24329.91667824  .01112397  00000+0  22384-1 0  9991
2 44914  53.0522 293.3100 0001269 104.1862 120.8313 15.43452347  5730
STARLINK-1084           
1 44915U 20001B   24330.25001157  .00763997  00000+0  25063-1 0  9996
2 44915  53.0494 292.8917 0001398  95.3075 149.3281 15.28715043269100
STARLINK-1098           
1 44917U 20001D   24330.11628168  .00003802  00000+0  27393-3 0  9992
2 44917  53.0561 294.6152 0001998 102.3669 257.7544 15.06412955269076
STARLINK-1102           
1 44920U 20001G   24329.91667824  .00110150  00000+0  16288-2 0  9999
2 44920  53.0449 194.4541 0011082 125.7551  35.8752 15.54423964  5987
STARLINK-1103           
1 44921U 20001H   24329.91667824  .00033168  00000+0  90102-3 0  9991
2 44921  53.0567 293.9914 0001640  87.1742  73.2939 15.37296600  5787
STARLINK-1104           
1 44922U 20001J   24330.06468889  .00006994  00000+0  48796-3 0  9999
2 44922  53.0543 294.8429 0001811  96.7758 263.3438 15.06401945269061
STARLINK-1106           
1 44923U 20001K   24329.96518367  .00076023  00000+0  13009-2 0  9992
2 44923  53.0108 214.2503 0005614  78.6767 281.4871 15.50586407270185
STARLINK-1112           
1 44925U 20001M   24330.09416488 -.00003650  00000+0 -22636-3 0  9996
2 44925  53.0560 294.7116 0001141 121.8144 238.2957 15.06391469269066
STARLINK-1114           
1 44927U 20001P   24330.10523022  .00012794  00000+0  87601-3 0  9993
2 44927  53.0545 294.6628 0001948 138.9413 221.1723 15.06408461269075
STARLINK-1123           
1 44930U 20001S   24330.11997089  .00011881  00000+0  81471-3 0  9991
2 44930  53.0557 294.6026 0001505  93.6172 266.4989 15.06420429269076
STARLINK-1130 (DARKSAT) 
1 44932U 20001U   24330.25001157  .00841543  00000+0  18433-1 0  9992
2 44932  53.0544 291.9604 0001257  80.5501 299.7555 15.41206086270341
STARLINK-1144           
1 44933U 20001V   24330.11245044  .00053596  00000+0  29374-2 0  9993
2 44933  53.0538 293.0031 0006875  77.1322 283.0438 15.13682307270389
STARLINK-1071           
1 44934U 20001W   24330.08126588  .00023758  00000+0  16067-2 0  9993
2 44934  53.0543 274.7705 0001752 105.7493 254.3689 15.06440461269344
STARLINK-1079           
1 44937U 20001Z   24329.99927192  .00057297  00000+0  18185-2 0  9992
2 44937  53.0482 251.4363 0006493  83.2999 276.8740 15.32127668269672
STARLINK-1091           
1 44940U 20001AC  24330.04441883  .00001936  00000+0  14881-3 0  9991
2 44940  53.0536 274.9345 0001286 104.5530 255.5602 15.06404107269330
STARLINK-1094           
1 44941U 20001AD  24330.06652767  .00026295  00000+0  17758-2 0  9999
2 44941  53.0543 274.8384 0001680  79.8559 280.2619 15.06437447269341
STARLINK-1096           
1 44942U 20001AE  24328.95491725  .00035999  00000+0  77334-3 0  9998
2 44942  53.0061 174.4740 0003891  78.3079 281.8362 15.44357937270650
STARLINK-1109           
1 44945U 20001AH  24330.09758846  .00019808  00000+0  34842-3 0  9997
2 44945  53.0555 271.0766 0001405  96.6937 263.4231 15.50498786269393
STARLINK-1122           
1 44949U 20001AM  24330.08864405  .00007590  00000+0  52771-3 0  9995
2 44949  53.0536 274.7342 0001701 107.3122 252.8054 15.06411290269347
STARLINK-1117           
1 44952U 20001AQ  24330.07021138  .00030161  00000+0  20316-2 0  9995
2 44952  53.0540 274.8206 0001265  67.5843 292.5280 15.06463740269347
STARLINK-1066           
1 44954U 20001AS  24330.03520368  .00053186  00000+0  35544-2 0  9993
2 44954  53.0544 254.9759 0001972 102.5619 257.5591 15.06485690269569
STARLINK-1076           
1 44959U 20001AX  24330.07942359  .00015033  00000+0  10267-2 0  9994
2 44959  53.0542 254.7835 0001514  86.7149 273.4013 15.06373803269623
STARLINK-1080           
1 44961U 20001AZ  24329.42335595  .00019017  00000+0  12923-2 0  9999
2 44961  53.0537 257.7216 0002390  59.8107 300.3118 15.06394685269531
STARLINK-1088           
1 44966U 20001BE  24330.25001157  .00007473  00000+0  15280-3 0  9994
2 44966  53.0615 170.4882 0006137 140.5816 351.2013 15.47225673270841
STARLINK-1090           
1 44968U 20001BG  24330.02414289  .00021874  00000+0  14817-2 0  9990
2 44968  53.0540 255.0298 0000970  87.4700 272.6400 15.06427663269629
STARLINK-1092           
1 44969U 20001BH  24329.41965327  .00024859  00000+0  16816-2 0  9993
2 44969  53.0531 257.7392 0001369  92.3038 267.8108 15.06406722269529
STARLINK-1093           
1 44970U 20001BJ  24330.06099267  .00025900  00000+0  17534-2 0  9995
2 44970  53.0538 254.8624 0001166  93.5937 266.5186 15.06354569269613
STARLINK-1107           
1 44972U 20001BL  24329.77856726  .00051439  00000+0  25103-2 0  9991
2 44972  53.0448 251.3399 0005384 100.2471 259.9130 15.17801209269650
STARLINK-1115           
1 44973U 20001BM  24330.07009425  .00027010  00000+0  10726-2 0  9996
2 44973  53.0475 242.1889 0009661  72.2848 287.9203 15.25127519269804
STARLINK-1132           
1 45044U 20006A   24329.71821266  .00014421  00000+0  98463-3 0  9992
2 45044  53.0552 216.4005 0001336  77.5576 282.5563 15.06414676265900
STARLINK-1131           
1 45047U 20006D   24329.76067022  .00022978  00000+0  15558-2 0  9991
2 45047  53.0540 236.7524 0001829 326.5354  33.5519 15.06416172265626
STARLINK-1134           
1 45048U 20006E   24330.04809953  .00008976  00000+0  62049-3 0  9992
2 45048  53.0542 234.9195 0001487  76.4803 283.6352 15.06411795266016
STARLINK-1135           
1 45049U 20006F   24330.25001157  .00469322  96546-4  13760-2 0  9992
2 45049  53.0700  96.5222 0002666 319.9511  65.3419 15.92209976268020
STARLINK-1148           
1 45052U 20006J   24329.98406054  .00082045  00000+0  28445-2 0  9993
2 45052  53.0579 220.4106 0010685  81.1593 279.0615 15.29073606266215
STARLINK-1156           
1 45054U 20006L   24330.06284300  .00010861  00000+0  74656-3 0  9997
2 45054  53.0541 234.8550 0001470  95.1001 265.0155 15.06415750266016
STARLINK-1159           
1 45057U 20006P   24329.74586042  .00005242  00000+0  37044-3 0  9998
2 45057  53.0552 236.2738 0001388 119.2457 240.8671 15.06408497265637
STARLINK-1162           
1 45058U 20006Q   24330.13656155  .00043632  00000+0  29251-2 0  9992
2 45058  53.0542 234.5241 0001753  95.7909 264.3280 15.06462006266031
STARLINK-1166           
1 45060U 20006S   24329.69057005  .00019149  00000+0  13006-2 0  9990
2 45060  53.0537 236.5249 0001383  92.2435 267.8712 15.06408995265622
STARLINK-1169           
1 45061U 20006T   24330.16236154  .00014022  00000+0  95780-3 0  9994
2 45061  53.0552 234.3983 0001670 124.3843 235.7304 15.06423102266034
STARLINK-1171           
1 45062U 20006U   24329.68319732  .00018439  00000+0  12532-2 0  9993
2 45062  53.0534 236.5570 0001154  91.1333 268.9788 15.06410782265621
STARLINK-1133           
1 45064U 20006W   24329.96148081  .00015660  00000+0  10672-2 0  9999
2 45064  53.0539 215.3083 0001412  90.7036 269.4115 15.06423303266291
STARLINK-1139           
1 45065U 20006X   24329.90301336  .00693623  24570-3  10061-2 0  9993
2 45065  53.0337 112.9375 0007077 320.5859  39.4656 16.04660468267722
STARLINK-1145           
1 45066U 20006Y   24330.25001157  .01208085  00000+0  26854-1 0  9991
2 45066  53.0522 211.7128 0001733  98.6802 245.5451 15.40214071266352
STARLINK-1150           
1 45067U 20006Z   24329.68872677  .00010511  00000+0  72326-3 0  9991
2 45067  53.0533 216.5370 0001292  96.2073 263.9063 15.06412637265904
STARLINK-1161           
1 45068U 20006AA  24330.04480528  .00059467  00000+0  24303-2 0  9998
2 45068  53.0371 207.6250 0005624 152.2296 207.9001 15.23813664266394
STARLINK-1167           
1 45071U 20006AD  24329.72189874  .00014730  00000+0  10053-2 0  9996
2 45071  53.0540 216.3835 0001365  77.3794 282.7347 15.06415638265900
STARLINK-1168           
1 45072U 20006AE  24329.99095829  .00007629  00000+0  53011-3 0  9993
2 45072  53.0546 215.1748 0001857 104.4858 255.6337 15.06428816266299
STARLINK-1170           
1 45073U 20006AF  24329.95040011  .00013955  00000+0  95266-3 0  9990
2 45073  53.0531 215.3560 0001209 101.1452 258.9673 15.06446731266276
STARLINK-1172           
1 45074U 20006AG  24330.00202775  .00007634  00000+0  53071-3 0  9991
2 45074  53.0531 215.1245 0001285  86.1500 273.9636 15.06408935266297
STARLINK-1174           
1 45075U 20006AH  24330.10153971  .00016504  00000+0  11232-2 0  9994
2 45075  53.0548 214.6756 0001369  83.7047 276.4098 15.06435210266318
STARLINK-1177           
1 45078U 20006AL  24329.91667824  .01204304  00000+0  21552-1 0  9994
2 45078  53.0548 213.0049 0001138 110.4914  31.7333 15.46688979  5797
STARLINK-1153           
1 45080U 20006AN  24329.71452932  .00010960  00000+0  75325-3 0  9998
2 45080  53.0537 216.4183 0001635  85.2602 274.8573 15.06412345265904
STARLINK-1151           
1 45081U 20006AP  24329.96516814  .00011945  00000+0  81880-3 0  9993
2 45081  53.0543 215.3674 0001290 103.4453 256.6680 15.06428376266290
STARLINK-1190           
1 45083U 20006AR  24329.97807101  .00012888  00000+0  88212-3 0  9991
2 45083  53.0543 235.2341 0001846 106.5320 253.5872 15.06416901266007
STARLINK-1173           
1 45084U 20006AS  24329.95963744  .00007257  00000+0  50538-3 0  9990
2 45084  53.0535 195.3222 0001405  81.8008 278.3140 15.06413962266672
STARLINK-1179           
1 45085U 20006AT  24329.95595068  .00008711  00000+0  60282-3 0  9994
2 45085  53.0529 195.3385 0001287 112.2167 247.8958 15.06409766266562
STARLINK-1185           
1 45087U 20006AV  24329.67582144 -.00004887  00000+0 -30932-3 0  9997
2 45087  53.0539 196.5931 0001856  84.1267 275.9934 15.06408272266180
STARLINK-1183           
1 45088U 20006AW  24329.96331001  .00009790  00000+0  67467-3 0  9993
2 45088  53.0533 195.3046 0001366 107.7955 252.3183 15.06429322266220
STARLINK-1136           
1 45089U 20006AX  24330.25001157  .00983679  00000+0  20206-1 0  9999
2 45089  53.0508 190.4959 0001084 100.3770  24.9002 15.42725230266313
STARLINK-1176           
1 45090U 20006AY  24329.94763163  .00005156  00000+0  36467-3 0  9990
2 45090  53.0529 195.3629 0001634  86.9956 273.1220 15.06413051266227
STARLINK-1137           
1 45092U 20006BA  24329.95798419  .00008965  00000+0  59026-3 0  9992
2 45092  53.0521 194.9981 0001751 108.1814 251.9367 15.08228140266576
STARLINK-1142           
1 45093U 20006BB  24329.96569838  .00031279  00000+0  16953-2 0  9990
2 45093  53.0486 192.2776 0004791 128.3275 231.8149 15.14341699266614
STARLINK-1146           
1 45094U 20006BC  24330.06558062  .00011820  00000+0  81050-3 0  9992
2 45094  53.0540 194.8324 0001443  79.7157 280.3995 15.06425254266598
STARLINK-1147           
1 45095U 20006BD  24330.05921907  .00006662  00000+0  46538-3 0  9994
2 45095  53.0530 195.4452 0001727  95.1840 264.9346 15.06425228266581
STARLINK-1152           
1 45096U 20006BE  24330.06284193 -.00000186  00000+0  64068-5 0  9991
2 45096  53.0530 194.8520 0001483  95.5123 264.6035 15.06400820266581
STARLINK-1184           
1 45098U 20006BG  24329.91171549  .00007962  00000+0  55251-3 0  9995
2 45098  53.0534 195.5332 0001481  81.1729 278.9427 15.06418912264769
STARLINK-1186           
1 45099U 20006BH  24330.25001157  .00950682  00000+0  34670-1 0  9998
2 45099  53.0511 193.1943 0001261 100.9742 178.0317 15.25055672266635
STARLINK-1193           
1 45100U 20006BJ  24329.97437667  .00006435  00000+0  45033-3 0  9992
2 45100  53.0537 195.2533 0001611  74.6548 285.4619 15.06416651266572
STARLINK-1138           
1 45178U 20012A   24330.25001157  .01200477  00000+0  23629-1 0  9996
2 45178  53.0542 351.8135 0001373  76.2708 188.0780 15.43895462263466
STARLINK-1143           
1 45179U 20012B   24329.52475067  .00007852  00000+0  54523-3 0  9990
2 45179  53.0554 357.6920 0001850  85.7590 274.3611 15.06414891263318

